// Jest Snapshot v1, https://goo.gl/fbAQLP

exports[`should calculate rotations of a #0 sequence of #0 frame 1`] = `
Array [
  Float32Array [
    0.9529675245285034,
    0.03582799434661865,
    -0.3009473383426666,
    0,
    -0.03874962404370308,
    0.9992419481277466,
    -0.003742505796253681,
    0,
    0.3005851209163666,
    0.015228083357214928,
    0.9536334276199341,
    0,
    0.23384900391101837,
    -2.2516889572143555,
    38.1921501159668,
    1,
  ],
  Float32Array [
    0.3009141683578491,
    0.01524045504629612,
    0.9535294771194458,
    0,
    0.9528636336326599,
    0.0358240120112896,
    -0.30127665400505066,
    0,
    -0.03875088319182396,
    0.9992418885231018,
    -0.00374213932082057,
    0,
    -2.3081765174865723,
    -2.352119207382202,
    37.69661331176758,
    1,
  ],
  Float32Array [
    0.49790704250335693,
    -0.01644931174814701,
    0.8670744895935059,
    0,
    0.8665439486503601,
    0.04920981451869011,
    -0.49666887521743774,
    0,
    -0.034498751163482666,
    0.998652994632721,
    0.03875594958662987,
    0,
    -1.089145541191101,
    -2.2992324829101562,
    39.195796966552734,
    1,
  ],
  Float32Array [
    0.5176874995231628,
    -0.0576181523501873,
    0.8536275029182434,
    0,
    0.8551156520843506,
    0.06734845042228699,
    -0.5140441656112671,
    0,
    -0.027872256934642792,
    0.9960644245147705,
    0.08413562923669815,
    0,
    0.9586955904960632,
    -2.3671419620513916,
    42.76856231689453,
    1,
  ],
  Float32Array [
    0.5369377732276917,
    -0.0982375517487526,
    0.8378826379776001,
    0,
    0.8433792591094971,
    0.08632300794124603,
    -0.5303393006324768,
    0,
    -0.020229360088706017,
    0.9914119839668274,
    0.12920159101486206,
    0,
    3.088038921356201,
    -2.6046690940856934,
    46.2859992980957,
    1,
  ],
  Float32Array [
    0.5555397272109985,
    -0.138201043009758,
    0.819924533367157,
    0,
    0.8314095735549927,
    0.10603921115398407,
    -0.5454482436180115,
    0,
    -0.011562676168978214,
    0.9847111701965332,
    0.1738106608390808,
    0,
    5.296704292297363,
    -3.0095534324645996,
    49.738643646240234,
    1,
  ],
  Float32Array [
    0.7382032871246338,
    -0.0669337585568428,
    0.671249508857727,
    0,
    0.6725585460662842,
    0.14997108280658722,
    -0.724688708782196,
    0,
    -0.052161913365125656,
    0.986422061920166,
    0.15572600066661835,
    0,
    7.581770420074463,
    -3.5791139602661133,
    53.11745834350586,
    1,
  ],
  Float32Array [
    0.468267023563385,
    0.005843371152877808,
    0.883567750453949,
    0,
    0.8835021257400513,
    0.01075994037091732,
    -0.46830350160598755,
    0,
    -0.01224365085363388,
    0.9999249577522278,
    -0.00012415311357472092,
    0,
    10.862051010131836,
    -3.8765408992767334,
    56.100223541259766,
    1,
  ],
  Float32Array [
    -0.012243528850376606,
    0.9999249577522278,
    -0.00012394029181450605,
    0,
    -0.9539998769760132,
    -0.011644038371741772,
    0.2995806932449341,
    0,
    0.29955679178237915,
    0.003786086570471525,
    0.954071044921875,
    0,
    11.594308853149414,
    -3.864509344100952,
    57.32668685913086,
    1,
  ],
  Float32Array [
    -0.2070450484752655,
    0.9738600254058838,
    0.09342902153730392,
    0,
    -0.824213981628418,
    -0.22508104145526886,
    0.5196247100830078,
    0,
    0.5270708203315735,
    0.03058011084794998,
    0.8492711186408997,
    0,
    7.493768215179443,
    -1.8693900108337402,
    53.38473129272461,
    1,
  ],
  Float32Array [
    -0.24342359602451324,
    0.9228060841560364,
    -0.2986200749874115,
    0,
    -0.9661379456520081,
    -0.2035333514213562,
    0.15859250724315643,
    0,
    0.08557099103927612,
    0.32711324095726013,
    0.941102921962738,
    0,
    6.17183256149292,
    4.3484883308410645,
    53.98125457763672,
    1,
  ],
  Float32Array [
    0.77527916431427,
    0.5714207291603088,
    -0.26911062002182007,
    0,
    -0.6257953643798828,
    0.7526455521583557,
    -0.20470714569091797,
    0,
    0.08557099103927612,
    0.32711324095726013,
    0.941102921962738,
    0,
    3.6785218715667725,
    13.800497055053711,
    50.92258071899414,
    1,
  ],
  Float32Array [
    0.8010517358779907,
    0.5825763940811157,
    0.1375526785850525,
    0,
    0.3332682251930237,
    -0.24316738545894623,
    -0.9109347462654114,
    0,
    -0.4972407817840576,
    0.7755478024482727,
    -0.38894397020339966,
    0,
    12.497757911682129,
    20.300729751586914,
    47.86130142211914,
    1,
  ],
  Float32Array [
    0.9729205369949341,
    0.0752267837524414,
    -0.21855543553829193,
    0,
    -0.15499110519886017,
    0.9138008952140808,
    -0.3754274249076843,
    0,
    0.171473890542984,
    0.3991350829601288,
    0.9007152318954468,
    0,
    13.590639114379883,
    19.937564849853516,
    48.332359313964844,
    1,
  ],
  Float32Array [
    0.972916305065155,
    0.07525169104337692,
    -0.2185656726360321,
    0,
    -0.15501762926578522,
    0.9137988686561584,
    -0.3754214644432068,
    0,
    0.171473890542984,
    0.3991350829601288,
    0.9007152318954468,
    0,
    15.669281005859375,
    20.09828758239746,
    47.86541748046875,
    1,
  ],
  Float32Array [
    0.850000262260437,
    0.5253564715385437,
    -0.03872976824641228,
    0,
    0.17468616366386414,
    -0.35046684741973877,
    -0.9201402068138123,
    0,
    -0.4969751536846161,
    0.7753538489341736,
    -0.3896695375442505,
    0,
    14.708806037902832,
    22.314584732055664,
    49.105308532714844,
    1,
  ],
  Float32Array [
    0.8518550395965576,
    0.35031595826148987,
    -0.38938626646995544,
    0,
    -0.1654045581817627,
    -0.5254570841789246,
    -0.8345875144004822,
    0,
    -0.4969751536846161,
    0.7753538489341736,
    -0.3896695375442505,
    0,
    16.418285369873047,
    23.371156692504883,
    49.02741622924805,
    1,
  ],
  Float32Array [
    0.8677555322647095,
    0.446121484041214,
    -0.21903404593467712,
    0,
    0.004011142998933792,
    -0.4469922184944153,
    -0.8945289850234985,
    0,
    -0.4969751536846161,
    0.7753538489341736,
    -0.3896695375442505,
    0,
    16.18285369873047,
    23.225643157958984,
    49.038143157958984,
    1,
  ],
  Float32Array [
    0.77527916431427,
    0.5714207291603088,
    -0.26911062002182007,
    0,
    -0.0052835457026958466,
    -0.42018282413482666,
    -0.9074242115020752,
    0,
    -0.6315966248512268,
    0.7049289345741272,
    -0.32273995876312256,
    0,
    8.33019733428955,
    17.229021072387695,
    49.307918548583984,
    1,
  ],
  Float32Array [
    0.8138710856437683,
    0.5788562893867493,
    -0.05039023607969284,
    0,
    0.1382748782634735,
    -0.2771839499473572,
    -0.9508151412010193,
    0,
    -0.5643526911735535,
    0.7668732404708862,
    -0.30563339591026306,
    0,
    12.497757911682129,
    20.300729751586914,
    47.86130142211914,
    1,
  ],
  Float32Array [
    0.9449884295463562,
    -0.3259565830230713,
    0.02737336978316307,
    0,
    0.31571274995803833,
    0.8869888782501221,
    -0.3370107412338257,
    0,
    0.08557099103927612,
    0.32711324095726013,
    0.941102921962738,
    0,
    3.6134190559387207,
    14.0472993850708,
    50.84272003173828,
    1,
  ],
  Float32Array [
    -0.24342359602451324,
    0.9228060841560364,
    -0.2986200749874115,
    0,
    -0.934245765209198,
    -0.1403481513261795,
    0.32785242795944214,
    0,
    0.2606334090232849,
    0.35879144072532654,
    0.8962918519973755,
    0,
    4.83300256729126,
    9.423921585083008,
    52.338844299316406,
    1,
  ],
  Float32Array [
    -0.22377370297908783,
    0.9361706972122192,
    -0.2711268663406372,
    0,
    -0.9579102396965027,
    -0.15992878377437592,
    0.23839186131954193,
    0,
    0.17981451749801636,
    0.3130609095096588,
    0.9325554966926575,
    0,
    6.1373138427734375,
    4.510844707489014,
    53.996829986572266,
    1,
  ],
  Float32Array [
    -0.23258234560489655,
    0.9686709642410278,
    -0.08707474172115326,
    0,
    -0.902909517288208,
    -0.18178017437458038,
    0.38950011134147644,
    0,
    0.36146900057792664,
    0.16921135783195496,
    0.9169012904167175,
    0,
    6.1373138427734375,
    4.510844707489014,
    53.996829986572266,
    1,
  ],
  Float32Array [
    0.10122936964035034,
    -0.8921828866004944,
    -0.44018426537513733,
    0,
    -0.8061943054199219,
    -0.332817018032074,
    0.4891660511493683,
    0,
    -0.5829264521598816,
    0.30535614490509033,
    -0.7529638409614563,
    0,
    7.6745381355285645,
    -5.287776947021484,
    52.845062255859375,
    1,
  ],
  Float32Array [
    0.6353446841239929,
    -0.34507086873054504,
    -0.6908423900604248,
    0,
    -0.7652745246887207,
    -0.40113621950149536,
    -0.5034328699111938,
    0,
    -0.10340197384357452,
    0.8485373854637146,
    -0.5189338326454163,
    0,
    8.320865631103516,
    -10.984166145324707,
    50.034584045410156,
    1,
  ],
  Float32Array [
    0.8428821563720703,
    0.35174891352653503,
    0.4072129428386688,
    0,
    0.5280697345733643,
    -0.39529338479042053,
    -0.7515886425971985,
    0,
    -0.10340197384357452,
    0.8485373854637146,
    -0.5189338326454163,
    0,
    14.828497886657715,
    -14.518614768981934,
    42.95850372314453,
    1,
  ],
  Float32Array [
    0.9942601919174194,
    -0.0891028419137001,
    -0.059222616255283356,
    0,
    0.09696772694587708,
    0.9843878746032715,
    0.14689351618289948,
    0,
    0.04520948976278305,
    -0.15179306268692017,
    0.9873780012130737,
    0,
    24.41675567626953,
    -10.517274856567383,
    47.590782165527344,
    1,
  ],
  Float32Array [
    0.8319627642631531,
    0.39122551679611206,
    -0.3934214413166046,
    0,
    -0.3702550232410431,
    -0.1366182267665863,
    -0.918829083442688,
    0,
    -0.4132179319858551,
    0.9100977182388306,
    0.031191887333989143,
    0,
    25.18910789489746,
    -10.712190628051758,
    48.546634674072266,
    1,
  ],
  Float32Array [
    0.8319566249847412,
    0.3912232518196106,
    -0.3934367597103119,
    0,
    -0.37026888132095337,
    -0.13662473857402802,
    -0.9188225269317627,
    0,
    -0.4132179319858551,
    0.9100977182388306,
    0.031191887333989143,
    0,
    26.96659278869629,
    -9.876338958740234,
    47.706092834472656,
    1,
  ],
  Float32Array [
    0.994502067565918,
    0.10034099221229553,
    -0.029955878853797913,
    0,
    -0.09449213743209839,
    0.9831845760345459,
    0.1562669575214386,
    0,
    0.04513223469257355,
    -0.1525772213935852,
    0.9872606992721558,
    0,
    27.42943000793457,
    -11.670334815979004,
    47.297279357910156,
    1,
  ],
  Float32Array [
    -0.6084877848625183,
    0.7795833945274353,
    0.1482982635498047,
    0,
    -0.7922787666320801,
    -0.6074289679527283,
    -0.05765710398554802,
    0,
    0.04513223469257355,
    -0.1525772213935852,
    0.9872606992721558,
    0,
    29.429523468017578,
    -11.468533515930176,
    47.23703384399414,
    1,
  ],
  Float32Array [
    0.3981221914291382,
    0.9091426730155945,
    0.12230443954467773,
    0,
    -0.9162214994430542,
    0.38753047585487366,
    0.10177592933177948,
    0,
    0.04513223469257355,
    -0.1525772213935852,
    0.9872606992721558,
    0,
    29.154067993164062,
    -11.49632740020752,
    47.245330810546875,
    1,
  ],
  Float32Array [
    0.9729093313217163,
    0.08921302855014801,
    0.21328020095825195,
    0,
    -0.049942128360271454,
    0.9818646907806396,
    -0.18288634717464447,
    0,
    -0.22572803497314453,
    0.1672801375389099,
    0.959721028804779,
    0,
    24.411540985107422,
    -10.377358436584473,
    47.514617919921875,
    1,
  ],
  Float32Array [
    0.8428821563720703,
    0.35174891352653503,
    0.4072129428386688,
    0,
    -0.2747473418712616,
    0.9320096969604492,
    -0.23637232184410095,
    0,
    -0.4626699984073639,
    0.08735331892967224,
    0.8822165131568909,
    0,
    19.885791778564453,
    -12.40811824798584,
    45.40177917480469,
    1,
  ],
  Float32Array [
    0.1575912982225418,
    0.5291167497634888,
    0.8337869644165039,
    0,
    0.9820759296417236,
    0.004435714799910784,
    -0.18843376636505127,
    0,
    -0.10340197384357452,
    0.8485373854637146,
    -0.5189338326454163,
    0,
    14.998420715332031,
    -14.610906600952148,
    42.77374267578125,
    1,
  ],
  Float32Array [
    0.6353446841239929,
    -0.34507086873054504,
    -0.6908423900604248,
    0,
    -0.7174565196037292,
    -0.5946808457374573,
    -0.3627820611000061,
    0,
    -0.2856452763080597,
    0.7261409759521484,
    -0.6254007816314697,
    0,
    11.815260887145996,
    -12.882054328918457,
    46.23495101928711,
    1,
  ],
  Float32Array [
    0.2560773491859436,
    -0.7488679885864258,
    -0.6112455129623413,
    0,
    -0.8774188756942749,
    -0.4454282224178314,
    0.1781279295682907,
    0,
    -0.40566039085388184,
    0.49070385098457336,
    -0.7711352109909058,
    0,
    8.337740898132324,
    -11.132905006408691,
    49.96119689941406,
    1,
  ],
  Float32Array [
    0.2560773491859436,
    -0.7488679885864258,
    -0.6112455129623413,
    0,
    -0.8774188756942749,
    -0.4454282224178314,
    0.1781279295682907,
    0,
    -0.40566039085388184,
    0.49070385098457336,
    -0.7711352109909058,
    0,
    8.337740898132324,
    -11.132905006408691,
    49.96119689941406,
    1,
  ],
  Float32Array [
    0.5555397272109985,
    -0.138201043009758,
    0.819924533367157,
    0,
    0.8314095735549927,
    0.10603921115398407,
    -0.5454482436180115,
    0,
    -0.011562676168978214,
    0.9847111701965332,
    0.1738106608390808,
    0,
    7.641833782196045,
    -3.5939502716064453,
    53.205509185791016,
    1,
  ],
  Float32Array [
    0.005052473861724138,
    -0.03283005952835083,
    -0.9994481801986694,
    0,
    0.9983357787132263,
    0.057583004236221313,
    0.003155333688482642,
    0,
    0.05744767561554909,
    -0.9978007078170776,
    0.03306637331843376,
    0,
    -2.1642754077911377,
    -6.062882900238037,
    37.71051788330078,
    1,
  ],
  Float32Array [
    -0.07205827534198761,
    0.06293108314275742,
    -0.9954131841659546,
    0,
    0.9940438270568848,
    0.08634017407894135,
    -0.06650066375732422,
    0,
    0.08175922185182571,
    -0.9942761659622192,
    -0.06877776980400085,
    0,
    -2.452077627182007,
    1.3586444854736328,
    37.682708740234375,
    1,
  ],
  Float32Array [
    0.10811438411474228,
    0.13742883503437042,
    -0.9845936298370361,
    0,
    0.9877378344535828,
    0.0973564013838768,
    0.12204853445291519,
    0,
    0.11262952536344528,
    -0.9857155084609985,
    -0.12521801888942719,
    0,
    -2.448413848876953,
    1.2642183303833008,
    37.68306350708008,
    1,
  ],
  Float32Array [
    -0.9795001745223999,
    -0.1313239336013794,
    0.15275314450263977,
    0,
    -0.16701525449752808,
    0.10544656217098236,
    -0.9802994132041931,
    0,
    0.11262952536344528,
    -0.9857155084609985,
    -0.12521801888942719,
    0,
    -0.6565347909927368,
    3.5419528484344482,
    21.36448860168457,
    1,
  ],
  Float32Array [
    -0.9797776937484741,
    -0.0372396856546402,
    0.19659338891506195,
    0,
    -0.1954997479915619,
    -0.031064577400684357,
    -0.9802116751670837,
    0,
    0.04260990023612976,
    -0.9988234043121338,
    0.023156043142080307,
    0,
    -15.474588394165039,
    1.5552599430084229,
    23.675365447998047,
    1,
  ],
  Float32Array [
    -0.19550010561943054,
    -0.031064588576555252,
    -0.9802115559577942,
    0,
    0.9797775745391846,
    0.037239670753479004,
    -0.1965937465429306,
    0,
    0.04260990023612976,
    -0.9988234043121338,
    0.023156043142080307,
    0,
    -21.946643829345703,
    1.2089483737945557,
    20.646747589111328,
    1,
  ],
  Float32Array [
    -0.9807296991348267,
    -0.07965356856584549,
    0.17839471995830536,
    0,
    -0.1817169338464737,
    0.03655651956796646,
    -0.9826711416244507,
    0,
    0.07175181061029434,
    -0.9961520433425903,
    -0.050326455384492874,
    0,
    -16.04345703125,
    1.4789916276931763,
    23.764080047607422,
    1,
  ],
  Float32Array [
    -0.8388076424598694,
    -0.16187582910060883,
    0.5198057293891907,
    0,
    -0.532650351524353,
    0.046488381922245026,
    -0.8450576066970825,
    0,
    0.11262952536344528,
    -0.9857155084609985,
    -0.12521801888942719,
    0,
    -0.5877442359924316,
    3.629394292831421,
    20.73801612854004,
    1,
  ],
  Float32Array [
    0.16105537116527557,
    -0.043108075857162476,
    -0.986003577709198,
    0,
    0.9850189089775085,
    0.06941179186105728,
    0.15785984694957733,
    0,
    0.061635278165340424,
    -0.9966562390327454,
    0.0536414310336113,
    0,
    -2.167935371398926,
    -5.968456745147705,
    37.71016311645508,
    1,
  ],
  Float32Array [
    -0.4973541498184204,
    -0.0772644430398941,
    -0.8641002178192139,
    0,
    0.8653554320335388,
    0.026580236852169037,
    -0.5004534125328064,
    0,
    0.061635278165340424,
    -0.9966562390327454,
    0.0536414310336113,
    0,
    0.501383364200592,
    -6.682926654815674,
    21.36821937561035,
    1,
  ],
  Float32Array [
    -0.9186765551567078,
    -0.06541958451271057,
    -0.38955575227737427,
    0,
    0.35339945554733276,
    0.3044632077217102,
    -0.8845401406288147,
    0,
    0.17647169530391693,
    -0.9502749443054199,
    -0.25658395886421204,
    0,
    -7.022678852081299,
    -7.851797103881836,
    8.2959566116333,
    1,
  ],
  Float32Array [
    0.3533990979194641,
    0.3044631779193878,
    -0.8845402598381042,
    0,
    0.9186766147613525,
    0.06541969627141953,
    0.3895553946495056,
    0,
    0.17647169530391693,
    -0.9502749443054199,
    -0.25658395886421204,
    0,
    -10.812943458557129,
    -6.936161994934082,
    2.2980005741119385,
    1,
  ],
  Float32Array [
    -0.8239564299583435,
    -0.04409169778227806,
    -0.5649352669715881,
    0,
    0.5435478091239929,
    0.22028905153274536,
    -0.8099559545516968,
    0,
    0.16016140580177307,
    -0.9744375944137573,
    -0.1575426310300827,
    0,
    -7.311529159545898,
    -7.896669864654541,
    7.7941107749938965,
    1,
  ],
  Float32Array [
    -0.9980331063270569,
    -0.06215853616595268,
    -0.008140950463712215,
    0,
    0.011448036879301071,
    -0.053034134209156036,
    -0.9985271692276001,
    0,
    0.061635278165340424,
    -0.9966562390327454,
    0.0536414310336113,
    0,
    0.603858470916748,
    -6.710354804992676,
    20.74085235595703,
    1,
  ],
  Float32Array [
    0.020229563117027283,
    -0.9914119839668274,
    -0.1292012631893158,
    0,
    0.7885388731956482,
    0.09526759386062622,
    -0.6075611114501953,
    0,
    0.6146520376205444,
    -0.08958956599235535,
    0.7836942076683044,
    0,
    -1.8925654888153076,
    -3.585514545440674,
    51.22256088256836,
    1,
  ],
]
`;

exports[`should calculate rotations of a #2 sequence of #23 frame 1`] = `
Array [
  Float32Array [
    0.613254725933075,
    -0.6249901056289673,
    -0.4830176532268524,
    0,
    0.6560549736022949,
    0.7435747981071472,
    -0.1291838139295578,
    0,
    0.4398983418941498,
    -0.23766353726387024,
    0.8660286068916321,
    0,
    0.23384900391101837,
    -2.2516889572143555,
    38.1921501159668,
    1,
  ],
  Float32Array [
    0.44011008739471436,
    -0.23787935078144073,
    0.8658617734909058,
    0,
    0.6131036281585693,
    -0.6249070167541504,
    -0.4833168685436249,
    0,
    0.6560541391372681,
    0.7435756325721741,
    -0.12918320298194885,
    0,
    -1.7071661949157715,
    -0.5343531370162964,
    38.21964645385742,
    1,
  ],
  Float32Array [
    0.6168481111526489,
    -0.08123808354139328,
    0.782878577709198,
    0,
    0.6094624996185303,
    -0.580100953578949,
    -0.5404057502746582,
    0,
    0.49805009365081787,
    0.8104833960533142,
    -0.30832260847091675,
    0,
    -0.4798211455345154,
    -1.4066646099090576,
    39.43170166015625,
    1,
  ],
  Float32Array [
    0.7997841835021973,
    -0.3335686922073364,
    0.49907639622688293,
    0,
    0.3143659234046936,
    -0.47553005814552307,
    -0.8216114044189453,
    0,
    0.5113896131515503,
    0.8140043616294861,
    -0.27545878291130066,
    0,
    2.058734178543091,
    -1.7393500804901123,
    42.657840728759766,
    1,
  ],
  Float32Array [
    0.7932196855545044,
    -0.45787227153778076,
    0.4014419615268707,
    0,
    0.22111776471138,
    -0.39767226576805115,
    -0.8904851675033569,
    0,
    0.5673707127571106,
    0.7951161861419678,
    -0.21419775485992432,
    0,
    5.3516950607299805,
    -3.111626625061035,
    44.716033935546875,
    1,
  ],
  Float32Array [
    0.6748504638671875,
    -0.3734116554260254,
    0.6365066170692444,
    0,
    0.45284146070480347,
    -0.47148996591567993,
    -0.75672447681427,
    0,
    0.582676112651825,
    0.7989123463630676,
    -0.14908893406391144,
    0,
    8.617924690246582,
    -4.996114730834961,
    46.37233352661133,
    1,
  ],
  Float32Array [
    0.7381669282913208,
    -0.5263992547988892,
    0.42191633582115173,
    0,
    0.24144895374774933,
    -0.3778383731842041,
    -0.8938348293304443,
    0,
    0.6299300789833069,
    0.7616704702377319,
    -0.15180924534797668,
    0,
    11.395715713500977,
    -6.532354354858398,
    48.996482849121094,
    1,
  ],
  Float32Array [
    0.3214617073535919,
    -0.11787625402212143,
    0.9395571351051331,
    0,
    0.9458358883857727,
    0.08749251812696457,
    -0.312633216381073,
    0,
    -0.04535224661231041,
    0.9891663789749146,
    0.13961713016033173,
    0,
    14.675834655761719,
    -8.87146282196045,
    50.87131118774414,
    1,
  ],
  Float32Array [
    -0.045352160930633545,
    0.9891663789749146,
    0.13961735367774963,
    0,
    -0.9885589480400085,
    -0.06456500291824341,
    0.13631770014762878,
    0,
    0.1438552588224411,
    -0.13183768093585968,
    0.9807775020599365,
    0,
    15.203093528747559,
    -9.030384063720703,
    52.18937683105469,
    1,
  ],
  Float32Array [
    0.403098464012146,
    0.9135116934776306,
    -0.05484294891357422,
    0,
    -0.5645853281021118,
    0.2953997254371643,
    0.7707025408744812,
    0,
    0.720246434211731,
    -0.2797054648399353,
    0.6348305940628052,
    0,
    12.488064765930176,
    -5.213929176330566,
    48.730281829833984,
    1,
  ],
  Float32Array [
    0.42170655727386475,
    -0.2869262099266052,
    -0.8601378202438354,
    0,
    -0.6891820430755615,
    0.5150174498558044,
    -0.5096911787986755,
    0,
    0.5892296433448792,
    0.807731568813324,
    0.019441913813352585,
    0,
    15.061758995056152,
    0.6186381578445435,
    48.380123138427734,
    1,
  ],
  Float32Array [
    0.7270628809928894,
    -0.5405710339546204,
    0.4232758581638336,
    0,
    0.3524029850959778,
    -0.23527127504348755,
    -0.9057922959327698,
    0,
    0.5892296433448792,
    0.807731568813324,
    0.019441913813352585,
    0,
    19.38116455078125,
    -2.3202574253082275,
    39.570003509521484,
    1,
  ],
  Float32Array [
    -0.8983715176582336,
    0.4073803722858429,
    -0.16422487795352936,
    0,
    0.4265625476837158,
    0.8983415365219116,
    -0.10500819236040115,
    0,
    0.10475174337625504,
    -0.16438865661621094,
    -0.9808178544044495,
    0,
    27.65191650390625,
    -8.469552993774414,
    44.385005950927734,
    1,
  ],
  Float32Array [
    -0.6951392292976379,
    0.718463659286499,
    -0.02431686408817768,
    0,
    0.3466412425041199,
    0.3053700029850006,
    -0.8868985772132874,
    0,
    -0.6297786831855774,
    -0.6249472498893738,
    -0.461324006319046,
    0,
    26.90166473388672,
    -7.985904693603516,
    45.2518310546875,
    1,
  ],
  Float32Array [
    -0.7201833724975586,
    0.6923023462295532,
    0.0453125424683094,
    0,
    0.2910577058792114,
    0.36077457666397095,
    -0.8860740065574646,
    0,
    -0.6297786831855774,
    -0.6249472498893738,
    -0.461324006319046,
    0,
    25.416501998901367,
    -6.450909614562988,
    45.19987869262695,
    1,
  ],
  Float32Array [
    -0.5719186067581177,
    0.7969755530357361,
    -0.19426514208316803,
    0,
    0.6013029217720032,
    0.568388044834137,
    0.5615780353546143,
    0,
    0.5579819083213806,
    0.2043645679950714,
    -0.804295539855957,
    0,
    24.47283935546875,
    -7.992801666259766,
    43.987422943115234,
    1,
  ],
  Float32Array [
    0.44248953461647034,
    0.7466558218002319,
    0.49669721722602844,
    0,
    0.7020392417907715,
    -0.6330403089523315,
    0.3261912167072296,
    0,
    0.5579819083213806,
    0.2043645679950714,
    -0.804295539855957,
    0,
    23.32262420654297,
    -6.389963626861572,
    43.59672546386719,
    1,
  ],
  Float32Array [
    -0.0825764611363411,
    0.9780653715133667,
    0.19123059511184692,
    0,
    0.8257343769073486,
    -0.040287263691425323,
    0.562618613243103,
    0,
    0.5579819083213806,
    0.2043645679950714,
    -0.804295539855957,
    0,
    23.481035232543945,
    -6.610706329345703,
    43.650535583496094,
    1,
  ],
  Float32Array [
    0.7270628809928894,
    -0.5405710339546204,
    0.4232758581638336,
    0,
    0.5394104719161987,
    0.8311606049537659,
    0.1349381059408188,
    0,
    -0.4247538149356842,
    0.1302110254764557,
    0.8958958983421326,
    0,
    23.743541717529297,
    -5.563683986663818,
    42.109657287597656,
    1,
  ],
  Float32Array [
    -0.5572721362113953,
    -0.7579827308654785,
    0.33898332715034485,
    0,
    -0.8230820894241333,
    0.4504533112049103,
    -0.34587228298187256,
    0,
    0.10946907103061676,
    -0.47175613045692444,
    -0.8749073147773743,
    0,
    27.65191650390625,
    -8.469552993774414,
    44.385005950927734,
    1,
  ],
  Float32Array [
    0.2273021936416626,
    -0.1888088583946228,
    0.9553455114364624,
    0,
    0.7753335237503052,
    -0.558498740196228,
    -0.29485103487968445,
    0,
    0.5892296433448792,
    0.807731568813324,
    0.019441913813352585,
    0,
    19.49394989013672,
    -2.396993398666382,
    39.339962005615234,
    1,
  ],
  Float32Array [
    0.42170655727386475,
    -0.2869262099266052,
    -0.8601378202438354,
    0,
    -0.42949604988098145,
    0.7722336649894714,
    -0.46817547082901,
    0,
    0.7985590696334839,
    0.5668584108352661,
    0.20242241024971008,
    0,
    17.38114356994629,
    -0.9594568014144897,
    43.64936447143555,
    1,
  ],
  Float32Array [
    0.3596450984477997,
    0.11737680435180664,
    -0.9256771206855774,
    0,
    -0.5995972156524658,
    0.789192259311676,
    -0.13288573920726776,
    0,
    0.7149394750595093,
    0.6028250455856323,
    0.3542080223560333,
    0,
    15.128959655761719,
    0.770934522151947,
    48.37097930908203,
    1,
  ],
  Float32Array [
    0.3852335810661316,
    0.7680676579475403,
    -0.5115338563919067,
    0,
    -0.5726765990257263,
    0.6336422562599182,
    0.5201336145401001,
    0,
    0.7236273288726807,
    0.09257055073976517,
    0.6839547753334045,
    0,
    15.128959655761719,
    0.770934522151947,
    48.37097930908203,
    1,
  ],
  Float32Array [
    -0.7300897240638733,
    -0.6809486150741577,
    -0.05725223943591118,
    0,
    -0.47344303131103516,
    0.4436309337615967,
    0.7609490156173706,
    0,
    -0.4927683174610138,
    0.5826666951179504,
    -0.646280825138092,
    0,
    10.305081367492676,
    -7.853457450866699,
    49.2563591003418,
    1,
  ],
  Float32Array [
    0.5802935361862183,
    -0.5540350079536438,
    -0.5969126224517822,
    0,
    -0.7584852576255798,
    -0.6345741152763367,
    -0.14837652444839478,
    0,
    -0.296579509973526,
    0.5388513803482056,
    -0.7884668111801147,
    0,
    5.643621921539307,
    -12.201163291931152,
    48.89081573486328,
    1,
  ],
  Float32Array [
    0.7489371299743652,
    0.6435101628303528,
    0.15807506442070007,
    0,
    0.5925653576850891,
    -0.5436302423477173,
    -0.5944178700447083,
    0,
    -0.296579509973526,
    0.5388513803482056,
    -0.7884668111801147,
    0,
    11.587382316589355,
    -17.875965118408203,
    42.77682876586914,
    1,
  ],
  Float32Array [
    0.9793927669525146,
    0.194644495844841,
    0.053881850093603134,
    0,
    -0.19422584772109985,
    0.980871319770813,
    -0.012951920740306377,
    0,
    -0.055372219532728195,
    0.002219781279563904,
    0.9984633922576904,
    0,
    20.106964111328125,
    -10.555676460266113,
    44.57502365112305,
    1,
  ],
  Float32Array [
    0.8525822758674622,
    0.3782253861427307,
    0.36062300205230713,
    0,
    0.34346580505371094,
    0.11454357206821442,
    -0.9321539998054504,
    0,
    -0.39387139678001404,
    0.9185996055603027,
    -0.03224964439868927,
    0,
    20.760244369506836,
    -10.38862419128418,
    45.620723724365234,
    1,
  ],
  Float32Array [
    0.5714821815490723,
    0.21725483238697052,
    -0.7913333177566528,
    0,
    -0.719912052154541,
    -0.33011361956596375,
    -0.6105337738990784,
    0,
    -0.39387139678001404,
    0.9185996055603027,
    -0.03224964439868927,
    0,
    22.581783294677734,
    -9.580547332763672,
    46.39119338989258,
    1,
  ],
  Float32Array [
    0.9043940305709839,
    0.3368772566318512,
    -0.2618875205516815,
    0,
    -0.2265768051147461,
    0.8992204070091248,
    0.37425342202186584,
    0,
    0.3615720272064209,
    -0.27913492918014526,
    0.8895782232284546,
    0,
    23.329172134399414,
    -10.818304061889648,
    44.7757682800293,
    1,
  ],
  Float32Array [
    -0.6400701999664307,
    0.6194452047348022,
    0.45453038811683655,
    0,
    -0.6779201626777649,
    -0.7337378859519958,
    0.04530814290046692,
    0,
    0.3615720272064209,
    -0.27913492918014526,
    0.8895782232284546,
    0,
    25.14804458618164,
    -10.140792846679688,
    44.24907302856445,
    1,
  ],
  Float32Array [
    0.26086562871932983,
    0.9463105201721191,
    0.19090688228607178,
    0,
    -0.8951059579849243,
    0.1630338579416275,
    0.41497620940208435,
    0,
    0.3615720272064209,
    -0.27913492918014526,
    0.8895782232284546,
    0,
    24.89754867553711,
    -10.234101295471191,
    44.32160949707031,
    1,
  ],
  Float32Array [
    0.899629533290863,
    0.40502962470054626,
    0.16314886510372162,
    0,
    -0.3023269772529602,
    0.8473595380783081,
    -0.43655499815940857,
    0,
    -0.3150635063648224,
    0.34341350197792053,
    0.8847612142562866,
    0,
    20.06972312927246,
    -10.460785865783691,
    44.45249557495117,
    1,
  ],
  Float32Array [
    0.7489371299743652,
    0.6435101628303528,
    0.15807506442070007,
    0,
    -0.5206888914108276,
    0.7190553545951843,
    -0.46026355028152466,
    0,
    -0.40984898805618286,
    0.2624005377292633,
    0.8735960125923157,
    0,
    16.081005096435547,
    -14.014902114868164,
    43.725276947021484,
    1,
  ],
  Float32Array [
    0.11829128116369247,
    0.8399822115898132,
    0.5295630693435669,
    0,
    0.9476537704467773,
    0.06378870457410812,
    -0.3128630220890045,
    0,
    -0.296579509973526,
    0.5388513803482056,
    -0.7884668111801147,
    0,
    11.742582321166992,
    -18.02414321899414,
    42.6171875,
    1,
  ],
  Float32Array [
    0.5802935361862183,
    -0.5540350079536438,
    -0.5969126224517822,
    0,
    -0.7275373935699463,
    -0.6820399165153503,
    -0.07423403114080429,
    0,
    -0.3659899830818176,
    0.4773538112640381,
    -0.7988647222518921,
    0,
    8.835235595703125,
    -15.2483549118042,
    45.60779571533203,
    1,
  ],
  Float32Array [
    -0.40524834394454956,
    -0.8351771831512451,
    -0.37182366847991943,
    0,
    -0.8016831874847412,
    0.1291634738445282,
    0.5836274027824402,
    0,
    -0.43940624594688416,
    0.5345987677574158,
    -0.7218908071517944,
    0,
    5.521904945373535,
    -12.314685821533203,
    48.88127136230469,
    1,
  ],
  Float32Array [
    -0.40524834394454956,
    -0.8351771831512451,
    -0.37182366847991943,
    0,
    -0.8016831874847412,
    0.1291634738445282,
    0.5836274027824402,
    0,
    -0.43940624594688416,
    0.5345987677574158,
    -0.7218908071517944,
    0,
    5.521904945373535,
    -12.314685821533203,
    48.88127136230469,
    1,
  ],
  Float32Array [
    0.6303451061248779,
    -0.5617841482162476,
    0.5357832312583923,
    0,
    0.42413055896759033,
    -0.32884204387664795,
    -0.843786895275116,
    0,
    0.6502140760421753,
    0.7591188549995422,
    0.030985888093709946,
    0,
    11.468490600585938,
    -6.572696685791016,
    49.06472396850586,
    1,
  ],
  Float32Array [
    0.08737003803253174,
    -0.5607438683509827,
    -0.8233669400215149,
    0,
    0.5976953506469727,
    -0.6317207217216492,
    0.49364903569221497,
    0,
    -0.7969484925270081,
    -0.5352526903152466,
    0.2799605429172516,
    0,
    -4.1434760093688965,
    -3.295677900314331,
    38.69938659667969,
    1,
  ],
  Float32Array [
    0.43992286920547485,
    -0.03493577614426613,
    -0.897355854511261,
    0,
    0.8256616592407227,
    -0.37727102637290955,
    0.419463187456131,
    0,
    -0.3532005846500397,
    -0.9254437685012817,
    -0.13712503015995026,
    0,
    0.729143500328064,
    2.2269716262817383,
    37.739906311035156,
    1,
  ],
  Float32Array [
    0.9827673435211182,
    0.023279547691345215,
    -0.1833753138780594,
    0,
    0.1819995939731598,
    0.05159240588545799,
    0.9819442629814148,
    0,
    0.032319944351911545,
    -0.9983969330787659,
    0.04646646976470947,
    0,
    0.667149007320404,
    2.1567041873931885,
    37.752113342285156,
    1,
  ],
  Float32Array [
    -0.3389539420604706,
    -0.05468452721834183,
    -0.9392123818397522,
    0,
    0.940247654914856,
    0.014605341479182243,
    -0.340177983045578,
    0,
    0.032319944351911545,
    -0.9983969330787659,
    0.04646646976470947,
    0,
    16.955455780029297,
    2.5425374507904053,
    34.71286392211914,
    1,
  ],
  Float32Array [
    -0.12811975181102753,
    0.12751443684101105,
    -0.9835270643234253,
    0,
    0.9917126893997192,
    0.00691975187510252,
    -0.12828892469406128,
    0,
    -0.009552966803312302,
    -0.9918126463890076,
    -0.12734422087669373,
    0,
    11.827699661254883,
    1.7152591943740845,
    20.504291534423828,
    1,
  ],
  Float32Array [
    0.9446883201599121,
    -0.05070258677005768,
    0.3240266442298889,
    0,
    -0.32783037424087524,
    -0.11720521748065948,
    0.9374381899833679,
    0,
    -0.009552966803312302,
    -0.9918126463890076,
    -0.12734422087669373,
    0,
    15.299453735351562,
    2.4789445400238037,
    14.295936584472656,
    1,
  ],
  Float32Array [
    -0.22944298386573792,
    0.04596107453107834,
    -0.9722363352775574,
    0,
    0.9733123779296875,
    0.015296369791030884,
    -0.228973850607872,
    0,
    0.00434776209294796,
    -0.9988261461257935,
    -0.04824411869049072,
    0,
    11.630845069885254,
    1.68350088596344,
    19.95882225036621,
    1,
  ],
  Float32Array [
    -0.7212623953819275,
    -0.05548227205872536,
    -0.6904364228248596,
    0,
    0.6919075846672058,
    -0.01119961403310299,
    -0.7218993306159973,
    0,
    0.032319944351911545,
    -0.9983969330787659,
    0.04646646976470947,
    0,
    17.580764770507812,
    2.5573487281799316,
    34.596187591552734,
    1,
  ],
  Float32Array [
    0.3584228754043579,
    -0.8407067060470581,
    -0.4058884382247925,
    0,
    0.3465271592140198,
    -0.28390344977378845,
    0.8940458297729492,
    0,
    -0.8668633103370667,
    -0.4610978662967682,
    0.18957021832466125,
    0,
    -4.081479072570801,
    -3.2254128456115723,
    38.68717575073242,
    1,
  ],
  Float32Array [
    -0.428552508354187,
    0.49489715695381165,
    -0.7559230327606201,
    0,
    0.25473666191101074,
    -0.7365227341651917,
    -0.6266128420829773,
    0,
    -0.8668633103370667,
    -0.4610978662967682,
    0.18957021832466125,
    0,
    1.8589926958084106,
    -17.159217834472656,
    31.96001434326172,
    1,
  ],
  Float32Array [
    -0.02958093211054802,
    0.18589913845062256,
    -0.9821234941482544,
    0,
    0.33844852447509766,
    -0.9226529002189636,
    -0.184836283326149,
    0,
    -0.9405198097229004,
    -0.337865948677063,
    -0.03562433645129204,
    0,
    -4.624226093292236,
    -9.672325134277344,
    20.524274826049805,
    1,
  ],
  Float32Array [
    0.3329176902770996,
    -0.937462329864502,
    0.1016383245587349,
    0,
    -0.06773663312196732,
    0.0837329626083374,
    0.9941834211349487,
    0,
    -0.9405198097229004,
    -0.337865948677063,
    -0.03562433645129204,
    0,
    -3.357949733734131,
    -12.518207550048828,
    14.08397388458252,
    1,
  ],
  Float32Array [
    -0.151030033826828,
    0.29616579413414,
    -0.9431203007698059,
    0,
    0.33268100023269653,
    -0.8831841945648193,
    -0.33061933517456055,
    0,
    -0.9308669567108154,
    -0.3636917173862457,
    0.034858617931604385,
    0,
    -4.873117923736572,
    -9.384902000427246,
    20.085256576538086,
    1,
  ],
  Float32Array [
    -0.49415698647499084,
    0.7443469166755676,
    -0.449173241853714,
    0,
    0.06600677967071533,
    -0.4830492436885834,
    -0.8731018304824829,
    0,
    -0.8668633103370667,
    -0.4610978662967682,
    0.18957021832466125,
    0,
    2.0870473384857178,
    -17.694135665893555,
    31.701757431030273,
    1,
  ],
  Float32Array [
    -0.5673703551292419,
    -0.7951163053512573,
    0.21419788897037506,
    0,
    0.14473950862884521,
    -0.3523622751235962,
    -0.9246033430099487,
    0,
    0.8106425404548645,
    -0.49358969926834106,
    0.31500473618507385,
    0,
    4.928685188293457,
    -1.2658549547195435,
    51.53895950317383,
    1,
  ],
]
`;

exports[`should calculate rotations of a #55 sequence of #10 frame 1`] = `
Array [
  Float32Array [
    1,
    -0.00007917818584246561,
    -0,
    0,
    0.00007917818584246561,
    1,
    0,
    0,
    0,
    -0,
    1,
    0,
    0.23384900391101837,
    -2.2516889572143555,
    38.1921501159668,
    1,
  ],
  Float32Array [
    0.00034531948040239513,
    -2.7115341083572275e-8,
    0.9999999403953552,
    0,
    0.9999999403953552,
    -0.00007789669325575233,
    -0.0003453493118286133,
    0,
    0.00007786688365740702,
    1,
    -2.9590538019874657e-8,
    0,
    -2.043086051940918,
    -2.2515056133270264,
    36.95396423339844,
    1,
  ],
  Float32Array [
    0.0010843193158507347,
    9.153189921562443e-7,
    0.9999994039535522,
    0,
    0.9999994039535522,
    -0.00008189665095414966,
    -0.0010843491181731224,
    0,
    0.00008186579361790791,
    1,
    -0.0000010339273330828291,
    0,
    -1.3306695222854614,
    -2.25156307220459,
    38.75086212158203,
    1,
  ],
  Float32Array [
    0.001119319349527359,
    9.124526059167692e-7,
    0.9999993443489075,
    0,
    0.9999993443489075,
    -0.00008189668005798012,
    -0.0011193491518497467,
    0,
    0.00008186579361790791,
    1,
    -0.0000010339273330828291,
    0,
    -1.3294826745986938,
    -2.251559019088745,
    42.869468688964844,
    1,
  ],
  Float32Array [
    0.0011683193733915687,
    9.084396879188716e-7,
    0.9999992847442627,
    0,
    0.9999992847442627,
    -0.0000818967237137258,
    -0.0011683491757139564,
    0,
    0.00008186579361790791,
    1,
    -0.0000010339273330828291,
    0,
    -1.3281526565551758,
    -2.2515549659729004,
    46.98807144165039,
    1,
  ],
  Float32Array [
    0.0011593194212764502,
    9.091767765312397e-7,
    0.9999992847442627,
    0,
    0.9999992847442627,
    -0.00008189671643776819,
